Treatment	Egg_MassID	 Set 	TadpoleID	Rep 	SVL	ACT_Total_Dist	EXP_Total_Dist
Low	809	1	101	1	6.01	7398.62	1436.03
Low	809	1	101	2	7.06	1969.19	4569.85
Low	809	1	101	3	7.27	3821.08	7726.25
Low	809	1	101	4	6.84	3978.52	7819.63
Low	809	1	101	5	7.6	7341.24	10532.15
Low	809	1	101	6	7.37	14081.19	7735.25
Low	809	1	101	7	6.9	3331.33	5426.4
Low	809	1	101	8	6.1	11208.43	2530.53
High	814	1	102	1	4	4769.83	6464.08
High	814	1	102	2	5.94	6337.34	3085.49
High	814	1	102	3	5.26	1937.57	2053.32
High	814	1	102	4	5.24	2259.47	7964.16
High	814	1	102	5	6.56	2692.46	6758.21
High	814	1	102	6	6.66	2854.25	8034.43
High	814	1	102	7	6.21	4347.17	5422.05
High	814	1	102	8	6.46	2083.61	12745.97
Low	809	2	104	1	6.8	4591.86	2105.44
Low	809	2	104	2	6.59	1654.04	1078.96
Low	809	2	104	3	6.97	5667.56	1928.86
Low	809	2	104	4	6.26	932.58	2176.52
Low	809	2	104	5	6.67	447.43	4250.57
Low	809	2	104	6	8.43	876.15	3925.93
Low	809	2	104	7	8.42	1195.57	3185.12
Low	809	2	104	8	9.08	8538.72	2887.77
High	809	2	105	1	7.18	1080.34	6676.69
High	809	2	105	2	7.98	12616.9	7421.44
High	809	2	105	3	7.49	2870.68	5804.27
High	809	2	105	4	7.39	305.99	6723.32
High	809	2	105	5	7.38	331.77	372.04
High	809	2	105	6	6.49	6896.96	139.42
High	809	2	105	7	6.54	3739.42	0
High	809	2	105	8	7.57	5697.29	906.45
Low	809	2	106	1	9.82	11599.29	5244.13
Low	809	2	106	2	10.3	1714.74	11631.09
Low	809	2	106	3	9.47	1275.62	13432.65
Low	809	2	106	4	10.42	8857.52	11615.32
Low	809	2	106	5	9.99	6688.18	13063.53
Low	809	2	106	6	10.74	3270.74	15527.12
Low	809	2	106	7	12.64	9780.95	14716.21
Low	809	2	106	8	10.78	5599.17	15667.46
Low	809	1	107	1	7.44	5754.9	11904.89
Low	809	1	107	2	6.36	10103.37	2744.69
Low	809	1	107	3	7.57	8312.78	16027.79
Low	809	1	107	4	8.66	3062.62	16824.53
Low	809	1	107	5	8.41	6549.81	21999.95
Low	809	1	107	6	7.66	3192.24	20719.34
Low	809	1	107	7	9.04	19097.15	22195.6
Low	809	1	107	8	8.45	5264.61	16740.92
Low	822	1	108	1	4.81	5537.62	1680.71
Low	769	2	109	1	6.1	9099.78	10157.21
Low	769	2	109	2	6.31	7239.17	5148.51
Low	769	2	109	3	7.05	8522.76	3700.95
Low	769	2	109	4	6.98	14797.45	8072.64
Low	769	2	109	5	7.66	9792.28	4398.11
Low	769	2	109	6	7.2	13828.3	12549.39
Low	769	2	109	7	8.22	15685.8	13680.74
Low	769	2	109	8	8.43	6189.91	17675.31
High	813	2	111	1	8.39	5363.05	5223.86
High	813	2	111	2	9.45	1679.61	12453.33
High	813	2	111	3	11.54	7224.47	2241.42
High	813	2	111	4	10.57	2091.2	8460.96
High	813	2	111	5	10.93	3782.26	16606.71
High	813	2	111	6	12.08	8504.79	8377.06
High	813	2	111	7	10.32	1537.06	13860.7
High	813	2	111	8	12.07	4642.4	23085.84
High	769	1	113	1	7.74	2638.63	6972.65
High	769	1	113	2	6.37	4459.31	5937.89
High	769	1	113	3	7.89	6612.96	15652.03
High	769	1	113	4	7.54	3531.89	18162.24
High	769	1	113	5	7.49	8685.88	8659.08
High	769	1	113	6	7.38	8410.97	19803.76
High	769	1	113	7	7.94	12538.99	10460.14
High	769	1	113	8	8.81	1980.21	23044.2
High	809	1	114	1	5.95	4206.35	5036.53
High	809	1	114	2	4.26	1268.6	1457.99
High	809	1	114	3	6.1	4531.28	4300.63
High	809	1	114	4	6.98	12959.09	5203.66
High	809	1	114	5	7.03	11319.41	4388.02
High	809	1	114	6	7.89	9860.78	10764.64
High	809	1	114	7	6.81	4032.92	11572.46
High	809	1	114	8	9.17	16030.55	12020.63
High	812	1	116	1	5.3	8805.13	9663.44
High	812	1	116	2	5.72	5464.39	3079.29
High	812	1	116	3	5.44	7369.78	5083.96
High	812	1	116	4	6.42	3440.97	3208.04
High	812	1	116	5	5.32	8566.26	6989.49
High	812	1	116	6	6.08	0	2965.49
High	812	1	116	7	5.18	3515.96	3686.7
High	812	1	116	8	5.04	11155.02	3729.32
High	813	1	117	1	5.089	2788.56	3900.43
High	813	1	117	2	5.18	3465.33	750.13
High	813	1	117	3	5.22	1697.12	2310.74
High	813	1	117	4	4.65	942.48	1939.44
High	813	1	117	5	4.22	3247.83	2020.68
High	813	1	117	6	5.23	1944.45	3251.92
High	813	1	117	7	5.24	2202.62	1440.6
High	813	1	117	8	5.69	5024.87	778.4
High	812	1	118	1	5.11	2072.29	5302.15
High	812	1	118	2	5.27	1934.62	3167.21
High	812	1	118	3	6.85	5318.53	10461.63
High	812	1	118	4	5.34	5961.03	2211.4
High	812	1	118	5	5.03	2919.27	5900.6
High	812	1	118	6	5.67	1483.61	4464.48
High	812	1	118	7	6.52	2249.58	10018.38
High	812	1	118	8	6.33	3124.57	9191.23
Low	809	2	119	1	5.34	7754.86	1870.68
Low	809	2	119	2	5.69	2780.4	3740.21
Low	809	2	119	3	5.74	3317.4	1843.96
Low	809	2	119	4	6.03	6369.03	722.9
Low	809	2	119	5	5.93	1228.48	3817.75
Low	809	2	119	6	6.61	9926.45	7329.69
Low	809	2	119	7	6.39	6388.13	5366.14
Low	809	2	119	8	6.84	7873.06	5280.81
High	812	1	120	1	5.953	5267.97	11149.15
High	812	1	120	2	5.18	7104.74	6971.99
High	812	1	120	3	5.63	3910.44	5231.67
High	812	1	120	4	6.06	2555.43	4620.7
High	812	1	120	5	5.41	1245.83	7137.21
High	812	1	120	6	4.76	2997.49	1732.53
High	812	1	120	7	5.3	1826.35	6237.5
High	812	1	120	8	5.52	2412.55	4112.93
Low	809	2	122	1	5.24	7943.57	3842.89
Low	809	2	122	2	4.33	5116.48	7823.17
Low	809	2	122	3	5.07	7973.24	4038.32
Low	809	2	122	4	5.97	7047.9	8460.93
Low	809	2	122	5	7.22	1765.54	4639.39
Low	809	2	122	6	6.82	6801.15	7990.91
Low	809	2	122	7	6.76	13451.84	1274.15
Low	809	2	122	8	7.23	16413.37	4419.78
High	822	2	123	1	6.48	6026.84	5528.88
High	822	2	123	2	5.11	4181.87	2811.75
High	822	2	123	3	4.48	823.98	2950.95
High	822	2	123	4	5.78	788.28	3483.08
High	822	2	123	5	6.03	723.35	7649.74
High	822	2	123	6	6	427.68	5181.1
High	822	2	123	7	6.55	1613.2	4911.29
High	822	2	123	8	5.91	2377.19	6887.55
High	822	2	124	1	11.85	3304.55	5619.32
High	822	2	124	2	11.9	6076.98	14288.38
High	822	2	124	3	11.69	3355.56	11955.24
High	822	2	124	4	13.04	3355.24	12803.04
High	822	2	124	5	11.74	984.21	12796.69
High	822	2	124	6	11.92	1896.6	10124.44
High	822	2	124	7	11.88	1997.64	9374.5
High	822	2	124	8	13.49	2266.9	8834.4
High	769	2	126	1	6.5	4117.73	7836.87
High	769	2	126	2	7.24	4771.98	11920.61
High	769	2	126	3	7.53	1986.19	4931.24
High	769	2	126	4	6.82	3186.36	3004.85
High	769	2	126	5	7.92	6856.87	9806.83
High	769	2	126	6	8.29	10181.9	13078.78
High	769	2	126	7	8.48	12732.35	14318
High	769	2	126	8	8.28	11320.48	7765.95
Low	769	2	127	1	8.38	10178.35	4532.82
Low	769	2	127	2	8.71	4216.97	19312.68
Low	769	2	127	3	9.2	2648.17	22465.39
Low	769	2	127	4	9.7	8211.14	22341.51
Low	769	2	127	5	9.52	6685.63	9716.4
Low	769	2	127	6	8.01	3309.52	10740.87
Low	769	2	127	7	7.85	2493.57	4925.29
Low	769	2	127	8	7.96	2550.76	4124.26
High	809	2	130	1	8.12	3496.32	5235.46
High	809	2	130	2	7.07	9361.54	16005.34
High	809	2	130	3	9.13	29.29	5145.82
High	809	2	130	4	8.34	1929.8	3615.41
High	809	2	130	5	10.12	3021.06	15468.64
High	809	2	130	6	9.63	9590.9	12365.66
High	809	2	130	7	10.21	10552.96	12678.78
High	809	2	130	8	9.72	9408.32	13426.35
Low	812	1	131	1	5.25	6065.63	5755.78
Low	812	1	131	2	5.54	8348.52	9202.77
Low	812	1	131	3	5.7	7914.19	3912.84
Low	812	1	131	4	6.26	3522.36	5630.72
Low	812	1	131	5	5.84	4839.36	1957.45
Low	812	1	131	6	6.07	10797.18	3282.03
Low	812	1	131	7	5.18	7345.8	3557.18
Low	812	1	131	8	6.69	10219.91	4375.39
High	822	2	132	1	5.52	5778.74	9805.91
High	822	2	132	2	6.32	1928.36	7555.46
High	822	2	132	3	8.67	2271.17	14664.51
High	822	2	132	4	7.26	1984.2	6735.26
High	822	2	132	5	7.54	2468.55	4715.97
High	822	2	132	6	7.44	4352.69	16645.54
High	822	2	132	7	8.96	9385.95	15443.84
High	822	2	132	8	6.6	3767.81	8533.36
High	813	2	133	1	6.22	2385.52	3053.14
High	813	2	133	2	6.88	10340.12	3655.13
High	813	2	133	3	5.88	3697.49	2983.08
High	813	2	133	4	6.65	1427.3	1918.95
High	813	2	133	5	5.78	1882.39	6421.4
High	813	2	133	6	7.58	3430.88	13159.2
High	813	2	133	7	7.28	14565.36	7831.1
High	813	2	133	8	6.92	7544.03	7141.85
Low	815	2	134	1	5.18	5546.07	5309.72
Low	815	2	134	2	6.32	2091.81	5346.79
Low	815	2	134	3	5.94	2498.74	4393.03
Low	815	2	134	4	6.28	16864.46	5793.22
Low	815	2	134	5	6.89	0	289.19
Low	815	2	134	6	7.9	7312.95	8086.56
Low	815	2	134	7	8.03	6144.21	2009.59
Low	815	2	134	8	8.54	7373.8	3622.56
High	822	2	135	1	7.32	6830.79	7574.68
High	822	2	135	2	7.33	0	11382.3
High	822	2	135	3	7.69	198.31	5523.62
High	822	2	135	4	7.59	1682.93	2171.59
High	822	2	135	5	9.59	0	2917.11
High	822	2	135	6	9.23	995.68	8887.58
High	822	2	135	7	9.01	1548.76	16822.57
High	822	2	135	8	8.8	8347.12	12454.96
High	822	2	136	1	11.1	5302.65	11224.74
High	822	2	136	2	11.6	2734.62	13122.19
High	822	2	136	3	12.39	4425.64	11695.06
High	822	2	136	4	10.87	3633.17	8365.55
High	822	2	136	5	11.26	5522.76	6291.82
High	822	2	136	6	11.04	6596.04	6636.38
High	822	2	136	7	11.77	3771.82	15144.25
High	822	2	136	8	11.76	1191.3	16521.25
High	822	1	138	1	8.15	1646.2	11240.18
High	822	1	138	2	7.44	1117.76	10590.98
High	822	1	138	3	7.95	8114.89	10336.44
High	822	1	138	4	7.61	6834.4	4559.34
High	822	1	138	5	9.02	9248.78	7470.79
High	822	1	138	6	9.91	11514.68	11501.05
High	822	1	138	7	8.68	13106.98	7234.89
High	822	1	138	8	8.09	14802.3	14033.33
High	813	1	140	1	5.01	3594.21	1567.71
High	813	1	140	2	6.75	2371.24	430.66
High	813	1	140	3	7.14	1840.91	11890.57
High	813	1	140	4	6.27	6085.54	10588.52
High	813	1	140	5	7.83	3201.09	13013.28
High	813	1	140	6	7.54	4626.07	2355.21
High	813	1	140	7	8.02	2075.5	1149.17
High	813	1	140	8	8.17	3730.54	11606.07
High	769	1	141	1	6.78	10328.21	6682.5
High	769	1	141	2	7.53	8870.6	1183.52
High	769	1	141	3	7.44	2364.42	1721.7
High	769	1	141	4	8.28	2659.53	11235.71
High	769	1	141	5	7.87	3926.04	15804.09
High	769	1	141	6	7.53	2074.73	15204.95
High	769	1	141	7	8.87	5453.82	16605.06
High	769	1	141	8	10.76	3010.77	19173.97
Low	822	2	142	1	7.74	3116.28	5067.25
Low	822	2	142	2	8.82	2661.88	1144.85
Low	822	2	142	3	8.82	1936.13	4856.74
Low	822	2	142	4	9.93	1722.01	8001.71
Low	822	2	142	5	10.38	4234.48	17632.78
Low	822	2	142	6	8.5	12660.65	13297.98
Low	822	2	142	7	9.59	12478.81	4837.26
Low	822	2	142	8	9.21	2201.83	17082.37
Low	814	1	143	1	4.6	2867.42	825.28
Low	814	1	144	1	5.09	6359.93	11231.73
Low	814	1	144	2	5.64	8933.77	6361.21
Low	814	1	144	3	5.69	11648.26	5095.92
Low	814	1	144	4	5.8	5529.86	2009.87
Low	814	1	144	5	6.21	6242.33	3121.24
Low	814	1	144	6	5.88	7785.33	3386.86
Low	814	1	144	7	6.53	5824.77	4701.65
Low	814	1	144	8	7.51	6610.72	7263.02
High	809	1	145	1	4.96	4173.92	7595.5
High	809	1	145	2	5.38	7218.41	1507
High	809	1	145	3	5.95	8382.16	3697.85
High	809	1	145	4	7.03	4296.06	10165.6
High	809	1	145	5	6.82	15014.93	3862.78
High	809	1	145	6	7.6	7902.22	5199.14
High	809	1	145	7	7.54	6647.56	3878.63
High	809	1	145	8	7.61	9635.26	14531.88
Low	813	2	146	1	4.79	4012.8	3984.12
Low	813	2	146	2	3.77	4222.97	2555.78
Low	813	2	146	3	5.53	4251.69	2722.17
Low	813	2	146	4	5.51	6099.05	1697.13
Low	813	2	146	5	6.83	5595.77	6297.74
Low	813	2	146	6	6.87	1551.18	3464.45
Low	813	2	146	7	6.44	2475.39	6764.6
Low	813	2	146	8	6.31	1256.87	12352.27
High	813	1	147	1	5.09	5561.59	5710.9
High	813	1	147	2	5.44	6246.46	6390.01
High	813	1	147	3	5.72	10668.18	9234.5
High	813	1	147	4	7.11	7041.56	16327.11
High	813	1	147	5	7.2	8912.59	11473.51
High	813	1	147	6	7.83	5282.46	16355.33
High	813	1	147	7	7.1	7580.86	16724.75
High	813	1	147	8	8.13	8613.3	16673.97
High	822	2	148	1	6.44	6431.61	7009.9
High	822	2	148	2	6.64	2171.66	9431.47
High	822	2	148	3	5.97	4378.01	8394.24
High	822	2	148	4	7.71	2992.7	15469.94
High	822	2	148	5	8.1	2095.29	9397.33
High	822	2	148	6	8.3	7146.25	22161.32
High	822	2	148	7	9.76	3862.81	23211.31
High	822	2	148	8	7.98	7763.63	27219.42
Low	822	2	149	1	6.98	7237.38	6595.34
Low	822	2	149	2	7.47	3634.18	6154.2
Low	822	2	149	3	8.27	3378.03	16440.89
Low	822	2	149	4	7.9	5826.94	10074.46
Low	822	2	149	5	9.26	12748.82	8155.12
Low	822	2	149	6	9.52	10398.15	15634.05
Low	822	2	149	7	8.17	9234.04	13319.84
Low	822	2	149	8	9.13	6580.6	10312.28
Low	812	1	150	1	3.39	236.92	1638.69
Low	813	1	151	1	4.83	2871.07	1846.06
Low	813	1	151	2	4.57	1751.54	966.71
Low	813	1	151	3	4.69	656.87	132.92
Low	813	1	151	4	6.85	5762.97	3999.69
Low	813	1	151	5	4.76	1274.21	672.67
Low	813	1	151	6	6.44	6230.67	262.75
Low	813	1	151	7	5.08	4984.17	731.14
Low	813	1	151	8	4.98	5000.64	1827.49
Low	822	1	152	1	5.95	1821.42	1179.8
Low	822	1	152	2	5.34	805.33	1626.79
Low	822	1	152	3	5.58	8100.36	3706.48
Low	822	1	152	4	6.08	6196.74	6087.86
Low	822	1	152	5	5.22	8379.67	3835.15
Low	822	1	152	6	6.41	5868.91	4533.77
Low	822	1	152	7	5.97	14510.8	2508.02
Low	822	1	152	8	7.1	2973.53	10677.66
Low	822	2	153	1	10.11	8833.13	10226.97
Low	822	2	153	2	10.1	2851.62	6772.21
Low	822	2	153	3	11.46	3555.73	12812.53
Low	822	2	153	4	11.12	8151.49	17732.91
Low	822	2	153	5	9.98	3218.89	7363.22
Low	822	2	153	6	11.58	12065.52	11557.45
Low	822	2	153	7	9.04	13413.42	16390.97
Low	822	2	153	8	12.25	12651.83	14563.2
Low	822	2	154	1	6.4	4048.88	4468.69
Low	822	2	154	2	6.03	2372.2	7535.64
Low	822	2	154	3	6.88	3655.66	2022.47
Low	822	2	154	4	7.05	2705.89	1681.46
Low	822	2	154	5	7.86	4068.8	5208.75
Low	822	2	154	6	8.62	4358.68	15118
Low	822	2	154	7	8.95	8919.64	2115.35
Low	822	2	154	8	7.71	9089.56	2324.97
High	815	2	157	1	5.69	7808.41	7617.21
High	815	2	157	2	6.45	9529.52	9728.45
High	815	2	157	3	6.44	1486.23	3895.4
High	815	2	157	4	6.75	1370.32	4542.6
High	815	2	157	5	6.7	4433.69	13545.32
High	815	2	157	6	6.02	14706.76	10992.81
High	815	2	157	7	6.14	13597.33	6467.26
High	815	2	157	8	6.55	13834.71	6877.71
High	769	1	159	1	6.1	3477.73	7944.19
High	769	1	159	2	6.85	2863.04	6377.56
High	769	1	159	3	7.55	7969.48	5358.64
High	769	1	159	4	7.39	13908.4	11069.78
High	769	1	159	5	8.29	1462.17	14502.54
High	769	1	159	6	7.64	914.95	11113.99
High	769	1	159	7	8.68	6697.64	14674.19
High	769	1	159	8	8.3	7931.19	15715.88
High	815	2	160	1	6.27	5184.11	7757.96
High	815	2	160	2	5.69	2384.94	18072.37
High	815	2	160	3	7.2	3194.93	15759.3
High	815	2	160	4	7.85	690.03	6807.28
High	815	2	160	5	6.85	203.44	13903.52
High	815	2	160	6	7.79	11477.43	14040.64
High	815	2	160	7	7.73	8269.16	16064.89
High	815	2	160	8	7.07	4722.02	18376.4
High	815	2	161	1	6.58	6422.81	2461.58
High	815	2	161	2	7.32	1377.54	13209.84
High	815	2	161	3	6.44	10136.86	1357.72
High	815	2	161	4	6.88	6637.88	6264.06
High	815	2	161	5	7.27	6827.71	3735.1
High	815	2	161	6	6.9	5750.02	923.01
High	815	2	161	7	5.94	12174.26	3749.77
High	815	2	161	8	7.4	400.65	9159.92
High	809	2	162	1	7.97	12240.29	12560.65
High	809	2	162	2	10.25	6266.76	14406.36
High	809	2	162	3	8.67	3963.39	12707.47
High	809	2	162	4	9.44	5374.91	16321.22
High	809	2	162	5	10.87	7128.59	14762.36
High	809	2	162	6	10.03	3921.32	17287.49
High	809	2	162	7	10.14	9650.62	19108.95
High	809	2	162	8	9.9	6625.26	18321.14
High	769	2	163	1	7.25	3393.58	4382.01
High	769	2	163	2	6.52	829.2	8057.69
High	769	2	163	3	5.93	118.98	5613.14
High	769	2	163	4	7.47	365.9	3097.3
High	769	2	163	5	7.77	3597.66	2917.82
High	769	2	163	6	7.66	2960.2	10939.73
High	769	2	163	7	7.02	4653.29	7607.61
High	769	2	163	8	8.03	9716.32	2558.86
High	809	2	164	1	4.63	7461.36	6204.98
High	809	2	164	2	5.93	1243.83	7503.98
High	809	2	164	3	4.43	3494.44	4202.83
High	809	2	164	4	5.65	1715.66	4264.18
High	809	2	164	5	5.52	3603.98	1523.7
High	809	2	164	6	5.4	3444.3	5522.1
High	809	2	164	7	5.92	4352.19	8769.55
High	809	2	164	8	6.41	701.41	13244.05
Low	809	2	165	1	8	3975.65	8361.42
Low	809	2	165	2	8.57	6286.4	462.97
Low	809	2	165	3	9.84	8266.32	2717.48
Low	809	2	165	4	10.15	10866.97	7199.4
Low	809	2	165	5	9.69	7408.41	6465.63
Low	809	2	165	6	10.48	7030.76	5561.96
Low	809	2	165	7	11.38	4796.81	4755.04
Low	809	2	165	8	11.95	9257.51	4846.42
High	809	2	168	1	7.94	8659.34	14568.72
High	809	2	168	2	9.35	2301.18	12637.4
High	809	2	168	3	8.57	1243.6	6236.57
High	809	2	168	4	8.35	6865.3	8251.84
High	809	2	168	5	10.39	2957.48	18902.82
High	809	2	168	6	10.89	2438.84	20538.29
High	809	2	168	7	10.02	9654.46	14848.24
High	809	2	168	8	12.16	5592.85	21281.68
Low	815	2	172	8	7.16	10210.75	8884.74
High	815	2	173	1	7.25	3959.67	8606.62
High	815	2	173	2	8.83	627.8	4116.5
High	815	2	173	3	7.84	743.54	2524.28
High	815	2	173	4	8.85	264.81	3661.57
High	815	2	173	5	10.43	4646.7	6912.13
High	815	2	173	6	10.49	985.81	12459.47
High	815	2	173	7	11.01	4917.54	16207.8
High	815	2	173	8	8	925.05	11104.35
High	822	1	174	1	6.8	3216.39	7548.88
High	822	1	174	2	7.49	8452.22	7955.3
High	822	1	174	3	7.84	435.42	12338.07
High	822	1	174	4	7.65	8725.55	4088.95
High	822	1	174	5	7.78	14649.86	15876.67
High	822	1	174	6	9.92	13755.78	11713.19
High	822	1	174	7	8.71	16913.46	21189.7
High	822	1	174	8	8.46	14720.5	22807.43
Low	809	1	175	1	6.46	2052.13	12137.98
Low	809	1	175	2	7.05	5704.57	4142.22
Low	809	1	175	3	4.87	7003.21	6330.13
Low	809	1	175	4	6.88	1256.38	17030.78
Low	809	1	175	5	7.68	5918.48	12264.74
Low	809	1	175	6	7.38	15115.16	6832
Low	809	1	175	7	8.68	6727.84	4788.05
Low	809	1	175	8	6.83	4889.77	5713.96
High	812	1	178	1	5.13	2567.7	4583.19
High	812	1	178	2	5.51	3273.93	3577.34
High	812	1	178	3	5.91	4546.07	2177.3
High	812	1	178	4	5.36	1604.52	4838.87
High	812	1	178	5	5.64	4849.77	3779.91
High	812	1	178	6	4.8	1879.6	5502.82
High	812	1	178	7	5.29	1051.11	2952.76
High	812	1	178	8	5.36	3003.94	3970.47
Low	813	1	179	1	5.619	8102.98	2954.44
Low	813	1	179	2	5.25	6738.22	5015.08
Low	813	1	179	3	5.33	4419.01	3313.2
Low	813	1	179	4	5.54	7011.88	2144.81
Low	813	1	179	5	5.84	46.85	2309.04
Low	813	1	179	6	5.78	5428.79	1092.26
Low	813	1	179	7	6.09	5686	1402.08
Low	813	1	179	8	6.43	9919.7	3932.33
High	813	1	181	1	4.849	3547.72	3967.58
High	813	1	181	2	5.99	4082.22	1509.9
High	813	1	181	3	5.32	5143.82	3022.99
High	813	1	181	4	5.04	5090.68	2783.8
High	813	1	181	5	5.75	6664.84	1406.3
High	813	1	181	6	6	6638.27	2198.41
High	813	1	181	7	6.27	7088.52	2525.88
High	813	1	181	8	5.96	7959.86	1072.74
High	813	2	182	1	7.59	2223.09	9271.73
High	813	2	182	2	7.55	1582.84	6168.75
High	813	2	182	3	6.7	9276.49	4438.2
High	813	2	182	4	7.86	5615.91	4970.5
High	813	2	182	5	8.27	9928.52	11996.56
High	813	2	182	6	8.24	3432.44	14979.89
High	813	2	182	7	8.51	4812.64	16080.52
High	813	2	182	8	8.13	5418.18	12426.14
High	809	2	184	1	5.72	1731.56	2737.48
High	809	2	184	2	6.8	2750.14	5375.55
High	809	2	184	3	6.54	1026.84	3610.3
High	809	2	184	4	6.75	45.93	4445.08
High	809	2	184	5	6.92	168.49	4948.64
High	809	2	184	6	7.31	295.61	8109.31
High	809	2	184	7	5.67	2755.07	9718.2
High	809	2	184	8	6.65	2276.62	12145.1
High	813	2	185	1	7.7	6617.63	9308.84
High	813	2	185	2	7.22	3013.22	12300.26
High	813	2	185	3	7.65	1307.23	6688.9
High	813	2	185	4	7.94	8193.73	19074.78
High	813	2	185	5	8.64	2563.75	17616.94
High	813	2	185	6	9.9	6590.94	7000.36
High	813	2	185	7	10.66	2904.97	20890.12
High	813	2	185	8	9.4	1402.58	16352.57
Low	769	1	186	1	5.85	10009	3914.8
Low	769	1	186	2	4.99	7396.22	3569.7
Low	769	1	186	3	5.29	3478.2	3913.39
Low	769	1	186	4	6.21	5108.41	998.15
Low	769	1	186	5	5.85	8991.02	1200.14
Low	769	1	186	6	5.38	7653.18	2535.41
Low	769	1	186	7	5.8	3414.03	892.9
Low	769	1	186	8	6.2	3105	4624.53
Low	815	2	188	1	6.52	7912.66	6059.25
Low	815	2	188	2	7.51	1171.98	5442.19
Low	815	2	188	3	6.75	4407.37	4289.83
Low	815	2	188	4	6.66	3142.58	4464.14
Low	815	2	188	5	7.54	9160.18	4187.95
Low	815	2	188	6	8.36	4500.51	18229.94
Low	815	2	188	7	7.84	2147.49	18202.5
Low	815	2	188	8	9.9	4423.15	18595.73
Low	809	2	189	1	5.43	3337.66	8145.8
Low	809	2	189	2	6.58	4342.53	8917.14
Low	809	2	189	3	6.24	1600.07	2237.72
Low	809	2	189	4	7.09	9853	3985.2
Low	809	2	189	5	6.35	4514.5	2438.71
Low	809	2	189	6	7.28	6266.3	6963.09
Low	809	2	189	7	7.34	7807.67	3937.32
Low	809	2	189	8	7.11	4642.18	4817.52
High	822	2	190	1	7.86	1095.88	8419.61
High	822	2	190	2	8.07	3798.28	6367.82
High	822	2	190	3	8.18	173.19	5482.26
High	822	2	190	4	7.86	1628.79	10654.98
High	822	2	190	5	8.71	2110.11	10203.03
High	822	2	190	6	9.7	2150.15	13919.1
High	822	2	190	7	9.21	1863.18	17372.65
High	822	2	190	8	10.17	1739.89	16753.64
Low	812	1	191	1	5.07	5797.03	3249.68
Low	812	1	191	2	4.6	7558.68	5060.32
Low	812	1	191	3	4.07	4689.85	6243.49
Low	812	1	191	4	4.96	11453.96	4074.28
Low	812	1	191	5	4.55	6202.4	2654.36
Low	812	1	191	6	4.78	8932.12	673.82
Low	812	1	191	7	5.52	10125.71	4432.31
Low	812	1	191	8	5.84	9018.45	5442.79
Low	822	1	192	1	4.894	6225.78	3947.58
Low	822	1	192	2	6.73	6400.89	1934.41
Low	822	1	192	3	7.56	4046.93	7310.59
Low	822	1	192	4	7.18	3020.49	4880.15
Low	822	1	192	5	8.54	2580.27	6621.86
Low	822	1	192	6	6.69	3083.07	3421.67
Low	822	1	192	7	8.03	2847.6	9306.8
Low	822	1	192	8	7.11	4775.99	6364.78
High	822	2	194	1	10.4	4934.22	9136.39
High	822	2	194	2	8.67	2225.63	11739.15
High	822	2	194	3	11.19	3586.71	9139.34
High	822	2	194	4	10.96	546.29	8452.29
High	822	2	194	5	10.81	1817.72	9201.42
High	822	2	194	6	10.22	3465.2	10361.79
High	822	2	194	7	10.61	2196.32	13730.42
High	822	2	194	8	11.94	3407.38	10404.13
High	769	2	195	1	7.48	6915.26	15545.08
High	769	2	195	2	8.31	2302.81	8272.77
High	769	2	195	3	7.79	7839.96	9424.84
High	769	2	195	4	8.8	5531.01	4576.03
High	769	2	195	5	9.13	6529.27	15799.66
High	769	2	195	6	10.5	2793.38	14709.27
High	769	2	195	7	10.71	1453.07	13256.43
High	769	2	195	8	9.35	1627.57	6632.43
High	809	1	196	1	5.047	2353.74	4409.12
High	809	1	196	2	4.24	1655.54	1459.45
High	809	1	196	3	5.99	1508.91	3626.19
High	809	1	196	4	6.03	748.85	3008.65
High	809	1	196	5	5.58	1200.11	3455.08
High	809	1	196	6	5.25	4027.21	1568.54
High	809	1	196	7	4.25	1125.52	961.62
High	809	1	196	8	4.54	4382.16	2582.7
High	769	2	198	1	7.4	4725.43	8417.54
High	769	2	198	2	9.64	5047.49	5041.27
High	769	2	198	3	8.55	2653.68	13238.72
High	769	2	198	4	9.21	8105.76	7442.9
High	769	2	198	5	10.6	1988.28	16198.8
High	769	2	198	6	10.48	1552.44	19314.21
High	769	2	198	7	10.54	11293.58	16075.67
High	769	2	198	8	9.56	9720.97	20941.12
High	822	1	200	1	5.79	1046.88	9855.18
High	822	1	200	2	7.54	3460.37	6156.73
High	822	1	200	3	7.85	12381.04	6689.51
High	822	1	200	4	6.9	4296.64	13263.78
High	822	1	200	5	6.74	3768.36	15568.35
High	822	1	200	6	7.36	8212.86	20077.86
High	822	1	200	7	8.58	2135.69	21548.75
High	822	1	200	8	10.13	3493.49	24678.53
High	769	2	201	1	7.11	5901.48	4826.6
High	769	2	201	2	7.79	647.64	4240.37
High	769	2	201	3	5.91	3433.32	7218.47
High	769	2	201	4	7.59	3044.92	1290.22
High	769	2	201	5	7.15	7627	3753.52
High	769	2	201	6	8.29	8047.15	2831.84
High	769	2	201	7	7.92	3510.43	13454.5
High	769	2	201	8	8.05	11161.69	6061.22
High	815	2	202	1	5.3	8641.86	5371.92
High	815	2	202	2	6.73	6710.76	13664.02
High	815	2	202	3	5.97	3201.85	9360.97
High	815	2	202	4	7.79	9357.4	4341.16
High	815	2	202	5	6.8	3521.42	10974.84
High	815	2	202	6	6.16	9491.49	13773.4
High	815	2	202	7	6.78	3866.37	14540.43
High	815	2	202	8	7.54	3769.72	19677.65
Low	769	1	204	1	5.04	4578.26	4576.23
Low	769	1	204	2	5.73	2540.72	968.94
Low	769	1	204	3	5.56	3799.52	8046.76
Low	769	1	204	4	6.61	2234.71	10176.08
Low	769	1	204	5	6.61	3071.77	7544.83
Low	769	1	204	6	6.18	2357.7	4313.77
Low	769	1	204	7	5.73	7021.39	5333.3
Low	769	1	204	8	5.5	8224	2952.6
High	815	2	206	1	6.88	3068.92	6127.81
High	815	2	206	2	5.61	5459.29	6423.72
High	815	2	206	3	6.64	2451.59	8769.17
High	815	2	206	4	6.61	27.35	2714.78
High	815	2	206	5	8	1963.56	10366.81
High	815	2	206	6	7.72	2691.9	8374.05
High	815	2	206	7	9.29	2350.16	9646.74
High	815	2	206	8	8.62	9305.06	17256.33
High	812	1	207	1	5.69	3953.21	7785.86
High	812	1	207	2	4.87	4900.8	5693.01
High	812	1	207	3	4.4	792.37	3469.36
High	812	1	207	4	5.62	3150.61	3333.93
High	812	1	207	5	5.15	6118.93	3681.51
High	812	1	207	6	6.15	2950.83	2057.83
High	812	1	207	7	6.41	5998.82	2970.63
High	812	1	207	8	5.88	2930.57	3436.83
Low	814	1	208	1	5.38	5370.89	1614.35
Low	814	1	208	2	4.71	4710.52	5466.77
Low	814	1	208	3	5.01	8676.15	4757.69
Low	814	1	208	4	5.73	6994.78	4680.9
Low	814	1	208	5	5.39	11246.36	3825.72
Low	814	1	208	6	5.3	8045.98	2309.49
Low	814	1	208	7	6.28	5500.36	6732.64
Low	814	1	208	8	5.71	6973.91	7188.09
Low	815	2	209	1	8.32	9424.36	3597.1
Low	815	2	209	2	10.18	3186.71	6315.31
Low	815	2	209	3	10.43	8786.76	14620.15
Low	815	2	209	4	10.75	8841.35	5526.92
Low	815	2	209	5	10.74	7209.99	8001.3
Low	815	2	209	6	10.22	9145.71	5185.35
Low	815	2	209	7	10.39	5322.21	9581.1
Low	815	2	209	8	9.5	2779.61	7011.15
Low	814	1	212	1	5.44	4386.15	8468.97
Low	814	1	212	2	5.62	1746.48	11519.99
Low	814	1	212	3	6.01	2360.61	6608.68
Low	814	1	212	4	5.68	6832.06	10512.85
Low	814	1	212	5	5.78	12497.69	5551.12
Low	814	1	212	6	6.82	4290.24	9347.37
Low	814	1	212	7	7.25	3828.51	8145.19
Low	814	1	212	8	7.26	5254.16	8186.23
Low	769	1	213	1	5.07	3470.91	6237.39
Low	769	1	213	2	5.75	1842.61	4592.02
Low	769	1	213	3	6.56	0	5997.04
Low	769	1	213	4	5.77	56.59	7248.06
Low	769	1	213	5	6.71	2080.26	8166.25
Low	769	1	213	6	5.81	1512.45	5394.97
Low	769	1	213	7	7.16	3826.69	4511.7
Low	769	1	213	8	6.56	4900.08	3003.61
High	769	2	214	1	6.5	6978.56	9936.07
High	769	2	214	2	6.12	1135.8	2764.87
High	769	2	214	3	6.19	4411.67	1200.95
High	769	2	214	4	5.07	1531.15	5993.31
High	769	2	214	5	6.73	4109.83	8425.34
High	769	2	214	6	6.73	4549.58	9138.11
High	769	2	214	7	5.38	3428.04	10736.64
High	769	2	214	8	6.47	9804.71	9294.42
Low	813	2	216	1	9.05	11240.67	3827.07
Low	813	2	216	2	9.49	6851.16	101.72
Low	813	2	216	3	11.64	10341.28	925.67
Low	813	2	216	4	10.76	9003.94	1286.24
Low	813	2	216	5	10.15	7311.41	88.4
Low	813	2	216	6	9.75	11777.8	454.71
Low	813	2	216	7	12	15242.94	3309.51
Low	813	2	216	8	8.78	3143.54	5.1
Low	822	2	217	1	9.95	5470.72	11073.74
Low	822	2	217	2	9.42	2726.28	10123.1
Low	822	2	217	3	9.82	6202.69	13918.8
Low	822	2	217	4	10.77	11141.24	16183.93
Low	822	2	217	5	9.62	7053.28	7691.66
Low	822	2	217	6	10.81	5062.74	22307.3
Low	822	2	217	7	10.15	10958.73	18268.51
Low	822	2	217	8	9.83	13218.77	19122.5
Low	813	2	218	1	7.37	7658.2	6842.17
Low	813	2	218	2	7.11	6642.61	9738.98
Low	813	2	218	3	7.85	1464.71	5356.47
Low	813	2	218	4	8.06	10821.07	2746.94
Low	813	2	218	5	8.64	2016.56	4960.02
Low	813	2	218	6	8.58	8249.1	6499.03
Low	813	2	218	7	9.29	714.23	4919.33
Low	813	2	218	8	8.46	9053.56	2921.03
High	812	1	219	1	5.96	5460.77	7962.12
High	812	1	219	2	5.75	2383.87	643.45
High	812	1	219	3	5.99	4310.21	2998.04
High	812	1	219	4	5.49	3016.36	4897.86
High	812	1	219	5	5.56	6462.57	3356.11
High	812	1	219	6	6.09	5717.6	7209.79
High	812	1	219	7	6.31	13406.14	6098.76
High	812	1	219	8	7.12	5015.93	7823.31
High	813	2	221	1	8.04	1869.76	8542.7
High	813	2	221	2	7.76	2275.25	17083.61
High	813	2	221	3	7.41	7660.66	5488.88
High	813	2	221	4	7.9	4436.4	14014.09
High	813	2	221	5	8.22	4042.12	23786.03
High	813	2	221	6	8.43	6835.43	26809.19
High	813	2	221	7	9.32	6499.64	25982.78
High	813	2	221	8	8.73	2771.14	12897.13
High	815	2	222	1	4.85	6055.54	6526.08
High	815	2	222	2	6.05	1062.67	6417.82
High	815	2	222	3	6.29	8138.15	2573.34
High	815	2	222	4	6.82	3368.03	3042.03
High	815	2	222	5	7.58	6696.12	7736.9
High	815	2	222	6	9.05	10887.85	5259.85
High	815	2	222	7	7.06	14458.24	6150.58
High	815	2	222	8	7.95	4688.54	8741.57
Low	813	1	223	1	5.4	7739.61	8329.01
Low	812	1	224	1	5.3	3282.36	4479.42
Low	812	1	224	2	5.54	3042.7	4144.46
Low	812	1	224	3	5.08	7431.16	6058.34
Low	812	1	224	4	4.39	830.01	5985.54
Low	812	1	224	5	5.62	10196.65	3471.54
Low	812	1	224	6	6.18	1226.29	14139.89
Low	812	1	224	7	6.62	9071.14	13220.9
Low	812	1	224	8	5.92	1867.32	15702.93
High	822	1	226	1	7.277	3350.7	4353.95
High	822	1	226	2	6.75	5782.87	1308.14
High	822	1	226	3	6.75	2168.54	4017.23
High	822	1	226	4	6.27	6656.22	6720.76
High	822	1	226	5	7.48	4693.12	4547.48
High	822	1	226	6	7.01	5538.8	7498.04
High	822	1	226	7	7.53	6973.11	10781.34
High	822	1	226	8	6.29	7895.29	9454.99
Low	809	1	227	1	5.62	4022.32	2425.72
Low	809	1	227	2	5.91	13345.99	540.7
Low	809	1	227	3	7.23	9730.88	1487.05
Low	809	1	227	4	7.35	12555.44	3449.36
Low	809	1	227	5	8.1	2829.53	10604.25
Low	809	1	227	6	7.3	13105.12	2736.25
Low	809	1	227	7	6.8	5341.18	5579.34
Low	809	1	227	8	7.95	3762.39	4883.28
Low	769	2	231	1	5.17	6463.7	7407.26
Low	769	2	231	2	5.62	6136.61	3937.31
Low	769	2	231	3	5.99	9754.03	5238.28
Low	769	2	231	4	7.37	2518.69	5155.42
Low	769	2	231	5	7.72	2516.11	8917.51
Low	769	2	231	6	6.79	6632.45	3930.84
Low	769	2	231	7	7.2	12657.56	6378.05
Low	769	2	231	8	7.83	4898.43	4754.13
High	814	1	232	1	6.92	5731.64	12501.28
High	814	1	232	2	7	3920.92	6544.09
High	814	1	232	3	6.14	3256.94	6757.57
High	814	1	232	4	6.17	3631.93	6006.31
High	814	1	232	5	7.55	4076.72	11039.62
High	814	1	232	6	6.37	5267.6	5144.93
High	814	1	232	7	7.48	4474.16	8550.22
High	814	1	232	8	5.96	14739.71	4424.16
High	813	2	233	1	8.38	6340.01	8506.02
High	813	2	233	2	9.07	667.11	11333.64
High	813	2	233	3	8.14	4372.77	461.46
High	813	2	233	4	8.54	300.99	3685.99
High	813	2	233	5	7.7	11020.64	2006.44
High	813	2	233	6	8.14	10752.88	1777.25
High	813	2	233	7	9.21	10839.61	2512.62
High	813	2	233	8	8.43	4977.22	10091.36
High	769	2	234	1	9.02	3917.84	6609.09
High	769	2	234	2	9.35	4637.41	11388.44
High	769	2	234	3	8.62	9637.78	12735.04
High	769	2	234	4	9.19	8921.53	14231.96
High	769	2	234	5	10.12	3713.32	17461.63
High	769	2	234	6	10.53	6194.03	13580.36
High	769	2	234	7	9.55	10456.33	17722.63
High	769	2	234	8	10.28	11708.25	16175.2
High	769	1	235	1	5.59	2914.11	11477.93
High	769	1	235	2	4.46	3792.61	2631.48
High	769	1	235	3	6.6	3105.29	5934.31
High	769	1	235	4	6.79	4898.32	4985.56
High	769	1	235	5	7.36	1655.53	14551.8
High	769	1	235	6	4.54	1685.69	18951.66
High	769	1	235	7	7.32	3065.42	16722.88
High	769	1	235	8	7.11	4523.38	20942.86
Low	813	2	237	1	6.1	6055.54	6526.08
Low	813	2	237	2	9.1	10811.36	5410.8
Low	813	2	237	3	8.84	7274.21	2197.75
Low	813	2	237	4	8.31	2583.74	2965.89
Low	813	2	237	5	8.34	9143.41	2892.53
Low	813	2	237	6	9.18	2117.22	10970.16
Low	813	2	237	7	8.45	12979.39	4500.19
Low	813	2	237	8	9.62	7808.93	9692.33
Low	822	1	238	1	6.59	3789.76	11720.31
Low	822	1	238	2	4.84	11745.18	4479.12
Low	822	1	238	3	5.69	535.24	3905.67
Low	822	1	238	4	5.82	2364.44	11694.35
Low	822	1	238	5	6.56	2204.15	15345.86
Low	822	1	238	6	7.37	2622.25	15092.58
Low	822	1	238	7	7.18	13206.64	7378.43
Low	822	1	238	8	7.15	3263.19	19230.79
High	809	2	239	1	5.96	3290.26	4041.26
High	809	2	239	2	6.14	8741.38	3895.74
High	809	2	239	3	5.76	536.85	3775.82
High	809	2	239	4	4.85	1573.1	3516.97
High	809	2	239	5	6.2	8753.19	4504.25
High	809	2	239	6	6.47	5054.39	4614.7
High	809	2	239	7	7.78	7759.93	13656
High	809	2	239	8	7.86	4873.16	12507.03
Low	769	2	240	1	6.9	3283.54	4561.31
Low	769	2	240	2	8.26	1972.53	6009.34
Low	769	2	240	3	8.11	8573.42	13940.06
Low	769	2	240	4	7.67	10239.72	7888.78
Low	769	2	240	5	8.57	1459.74	17751.21
Low	769	2	240	6	8.89	11699.77	16451.99
Low	769	2	240	7	8.86	7868.66	13309.61
Low	769	2	240	8	6.55	9505.39	9834.12
Low	769	2	246	1	6.11	7809.01	14101.97
Low	769	2	246	2	5.89	1072.81	6748.12
Low	769	2	246	3	6.82	8216.59	14110.24
Low	769	2	246	4	7.76	12459.74	11889.75
Low	769	2	246	5	7.4	5265.24	14811.81
Low	769	2	246	6	6.8	4832.01	15143.63
Low	769	2	246	7	7.15	3990.87	15373.86
Low	769	2	246	8	7.11	6851.68	18491.77
High	822	1	250	1	6.65	4233.78	6358.46
High	822	1	250	2	5.07	2566.21	1616.43
High	822	1	250	3	6.4	1296.66	3385.76
High	822	1	250	4	4.7	5762.97	3993.94
High	822	1	250	5	6	4588.81	3689.46
High	822	1	250	6	6.22	3482.1	837.37
High	822	1	250	7	6.46	2239.77	2383.44
High	822	1	250	8	4.44	1278.67	714.22
High	814	1	1192	1	6	6361.44	9835.05
High	814	1	1192	2	4.92	6400.89	5598.05
High	814	1	1192	3	6.8	4046.93	6308.32
High	814	1	1192	4	7.03	3484.12	3233.02
High	814	1	1192	5	6.09	4571.48	3035.99
High	814	1	1192	6	5.47	2348.79	1947.4
High	814	1	1192	7	6.55	4883.29	4582.97
High	814	1	1192	8	7.05	9028.8	2229.72